-19 36
-16 -44
-32 -30
-9 -36
-2 12
-18 -16
-38 11
28 12
-42 -20
-34 -19
13 -40
-17 -9
43 3
-42 22
-40 -7
-40 26
44 -16
15 -17
-30 -25
-38 12
45 -26
-27 -20
32 5
45 -31
-30 -25
35 -40
8 -44
-37 -27
-16 -16
16 -19
18 5
-17 -18
-28 -11
36 -38
-34 -44
38 -6
21 38
31 7
-3 -25
-19 18
13 -8
39 19
-38 11
-38 40
8 16
-22 10
-42 13
-43 -35
36 -2
20 34
16 38
20 -33
-26 1
44 -8
-20 -11
-19 -38
29 44
32 -24
-30 19
-33 -45
13 33
-19 23
25 -44
-6 30
-43 37
-7 3
-42 8
3 42
-42 3
-44 -11
0 -1
-9 7
-24 -20
6 40
37 -28
-28 -42
-26 24
33 7
-17 38
-44 11
31 20
23 25
-6 -36
-29 1
-8 35
5 -33
3 45
-6 -13
14 -10
-15 -45
11 -44
-8 -16
30 -23
4 23
-24 -35
-3 20
38 -30
21 17
-2 -45
23 21